1181242640
1181942001
5221683129
5213671896
5250000825
5540311657
8513207041
9462657242
6981844308
5920203336
7010515778
6793103843
6511032642
7810017450
5250008577
7490007064
6280000977
8720003048
7740001454
8880004938
0000779822
8990108484
8212458819
9571067640
1181800092
9552264351
5170367819
7960034734
7180000240
8941025373
6040157308
0000726056
6310200819
1130003109
6312299348
9511845625
8992730319
5222507682
5240102346
5833101087
5850001980
9462659910
8762182908
8942930022
5422533431
8513184630
7773185927
7811745737
7792033466
7770003104
8960005466
6462714151
2220003852
7270126654
5730008637
7773244452
5250007939
9512375966
9521873020
8111474194
5272713627
9522118219
5213716498
1181981082
6631761160
7792312568
7772921399
8992716087
6112443556
7122107257
5341265357
7811137618
5340212034
5213809142
5470088816
7822261960
6070082443
7773353201
8992849606
6461813224
5540307696
9532369667
7123279546
8361840990
9471772043
6751490858
5321559357
5213594925
5322045548
9521210578
5213650977
7231627814
5881946629
5472150086
6321888251
6572918021
7822195306
7820000333
9680931824
8842447042
8943058572
8952010286
5252549113
6760056647
1182057502
5223063135
9512403757
5170297177
5862304657
6040100917
9452027657
6441050562
6443507161
7773164233
6910202465
6921767751
8982116523
8971383551
8951749782
7123122247
8960007407
7781456499
8992670534
8961543332
9111780454
1130099894
1132690108
8522619553
9111868723
1130122021
6793114918
6110003899
5261027992
6941682348
1132851296
8842529857
9161177926
8842692445
6141474708
8840034672
8841003900
8862665090
8842752408
8862475231
7010033996
9560015177
9290092741
5992862634
9731033390
5782574679
8521673042
9291714274
6791708482
7251486825
7251922640
5272369443
8971778901
6783158653
7250005574
7122788004
9522013325
7122914578
5632280114
7161004550
6760058847
5491973110
7343507021
7352098361
6771618907
6771567593
7340030305
6762129505
7543077565
7122512213
5272619549
8951963618
7811845982
5420000305
8440005767
9661487133
7181002264
7182144919
8442155152
5451816373
7182143297
9661787616
7952328237
8130010538
6840019826
8652462972
8170005093
7281348565
8191477271
7950008534
5512291859
8651287550
5862057791
8133333609
8650002999
8181477737
5170054612
8172154704
8133675853
7941772684
8133689134
8171960828
6851004521
8733247806
8171027197
8133592972
7941522088
8160001515
8131565126
8133477478
5210086832
5170213134
8131086874
8131002593
8131034570
8133367241
8181455894
6312657368
8131958943
8133611534
8133548623
8133039442
8131582372
8133651261
8131798072
8132909504
8133647874
8722406537
8171948684
6852276078
8133089380
8670007072
8133752855
8141576249
8130267473
8722197588
8133545688
8133680529
6842027296
8133679785
8731088290
8133482752
7343157319
6851029490
8171872455
8133093588
8132984629
5631874320
7921019104
5730108310
6310024966
9541024666
6342513160
6311022219
5471144391
6263012943
6570461801
6572440128
7393171014
5781015305
7390100083
7393361588
9511174243
5252567453
6221096125
7961494886
5782390672
8512428946
7010088170
5512082742
7641089380
7841068678
6080109824
7831655977
6221797922
6181339715
7262650955
1230280601
7811825672
7642097447
7642355599
8861240201
7861095187
5562417498
7791962904
7781411344
6650014493
7770001720
7831636537
7822273377
7781397561
6181003820
7820012537
9720995180
7123134173
6762411816
7792348879
7010222958
9511513142
7781456826
7132932052
9521870033
9552386019
6961777939
7792319369
7792457309
7811005673
7811010013
7891689402
6342316301
9910372884
7142044672
7792088496
7811759975
7841085642
6961816467
9910072389
5541444610
1132868575
7831736747
9552018988
7661963101
5561644298
7781417890
6171832420
6652880148
6222504106
8971794337
8512242911
6691429630
8521002307